Lat:39.64222777777778
Long:-121.08971666666666
Zoom:10
